CACHE type 5 produced by analog 6.0/Unix. Do not modify or delete!
T	0	0	4576	30	6	64	96164979
D	22640351	22660796
15722	134	2	2	686
15726	273	2	2	3819
15726	274	3	1	9634
15726	275	9	1	24932
15726	276	13	1	816325
15727	2	7	3	1147126
15727	151	91	0	2474208
15727	152	26	0	2697113
15727	162	59	0	2868835
15727	163	29	0	727069
15727	164	2	0	239582
15727	184	42	1	1500131
15727	185	14	0	1585282
15727	186	6	0	501839
15727	189	4	0	236121
15727	190	3	0	239837
15728	129	18	3	680196
15728	142	9	0	349150
15728	190	70	0	3260405
15728	194	6	0	576374
15728	196	10	0	951548
15728	199	21	0	421300
15728	200	12	0	137673
15728	203	9	1	1056009
15728	204	11	0	1198899
15729	160	3	1	457459
15730	163	91	0	998315
15730	164	65	0	1352405
15730	165	2	0	411770
15730	167	95	0	600265
15730	168	21	0	302567
15730	169	5	0	15314
15730	170	106	0	1620422
15730	171	9	0	255335
15730	173	31	0	566049
15730	174	34	0	797929
15730	175	27	0	318121
15730	176	30	0	673413
15730	177	26	0	317881
15730	178	26	0	317881
15730	180	27	0	318063
15730	181	10	0	611789
15730	185	3	0	124186
15730	190	33	0	929282
15730	193	27	0	318063
15730	197	29	0	557626
15730	198	50	0	975746
15730	204	29	2	320157
15730	209	28	0	318303
15730	228	29	0	557634
15730	229	27	0	318063
15730	230	26	0	317881
15730	232	27	0	318063
15730	233	5	0	363853
15730	250	27	0	318063
15730	251	1	0	240
15730	252	27	0	318063
15730	279	27	0	318063
15731	51	27	0	318063
15731	60	30	0	673461
15731	61	2	0	422
15731	62	1	0	240
15731	68	34	0	921269
15731	69	5	0	353011
15731	72	27	0	318063
15731	73	1	0	240
15731	74	1	0	240
15731	124	33	0	559063
15731	130	26	0	472270
15731	132	3	0	351915
15731	133	24	0	236255
15731	134	1	1	116439
15731	139	27	0	318063
15731	152	56	0	641696
15731	153	5	2	583119
15731	156	28	0	434713
15732	59	28	0	318303
15734	134	57	0	487676
15734	135	129	0	1567059
15734	136	282	0	3388737
15734	137	83	0	1377205
15734	138	273	0	3424804
15734	169	4	0	10562
15735	116	3	0	8046
15735	117	2	0	417202
15735	119	4	0	491180
15735	120	4	0	491188
15735	129	6	0	736635
15735	140	4	0	491286
15735	141	3	0	717986
15735	142	6	0	2201432
15735	143	16	0	3389388
15735	144	93	0	7299271
15735	145	47	0	2108244
15735	146	145	2	10281075
15735	147	113	2	2721081
15735	177	56	1	1214339
15735	178	162	0	796562
15735	179	346	0	736424
15735	180	85	1	402504
15735	190	16	0	416472
15735	191	4	0	26832
15735	196	32	0	97420
15735	197	34	0	345267
15735	198	5	0	13851
15735	199	35	0	25777
15735	200	35	0	42938
15735	201	57	0	86095
15735	205	9	1	57180
15735	209	90	0	401763
15736	108	3	0	6323
15736	109	160	0	245070
15736	110	107	0	70867
15736	111	25	0	14115
15736	114	36	0	44059
15736	115	8	2	19399
15736	166	46	0	848303
15736	171	75	0	1010371
15736	191	36	0	1003789
1	1	0	0	0	22659122	0	0	22659122	0	0	136667	/22222/assets/scripts/colorbox/colorbox.css
1	2	0	0	0	22659122	0	0	22659122	0	0	274049	/22222/assets/scripts/app.js
1	3	0	0	0	22659129	0	0	22647637	0	0	2814	/assets/images/header/topnav/settingsicon.png
1	1	0	0	0	22660390	0	0	22660390	0	0	227	/22222/booking/get_booking_array?start=1359244800&end=1359849600&_=1359537243612
1	145	0	0	0	22660796	0	0	22647637	0	0	88298	/assets/scripts/uploadify/uploadify.css
1	1	0	0	0	22660389	0	0	22660389	0	0	227	/22222/booking/get_booking_array?start=1359244800&end=1359849600&_=1359537166558
1	3	0	0	0	22647807	0	0	22647640	0	0	433509	/22222/contact/view/edit/1009
1	1	1	0	0	22652222	0	0	22652222	0	0	753	/assets/styles/
1	2	0	0	0	22659122	0	0	22659122	0	0	274109	/22222/assets/scripts/jquery.placeholder.1.2.min.shrink.js
1	1	0	0	0	22659122	0	0	22659122	0	0	136655	/22222/assets/styles/config.css
1	1	0	0	0	22659122	0	0	22659122	0	0	136674	/22222/assets/scripts/cleditor/jquery.cleditor.css
1	1	0	0	0	22659122	0	0	22659122	0	0	136666	/22222/assets/styles/columnal/columnal.css
1	163	0	0	0	22660796	0	0	22647637	0	0	1652045	/assets/scripts/app.js
1	1	0	0	0	22647814	0	0	22647814	0	0	121043	/22222/contactaction/view/edit_booking/new/1190
1	149	0	0	0	22660796	0	0	22647637	0	0	4114694	/assets/scripts/jquery.dataTables.min.js
1	1	0	0	0	22659122	0	0	22659122	0	0	136655	/22222/assets/styles/global.css
1	1	0	0	0	22659122	0	0	22659122	0	0	136671	/22222/assets/scripts/uploadify/jquery.uploadify.v2.1.4.min.js
1	3	0	0	4	22646823	0	22646822	22646822	0	22646821	7644	/22222/dashboard/view
1	1	0	0	0	22653403	0	0	22653403	0	0	267	/assets/styles/ie8.css
1	2	0	0	0	22659122	0	0	22659122	0	0	274084	/22222/assets/styles/custom_styles.php
1	1	0	0	0	22647808	0	0	22647808	0	0	149027	/22222/contact/view/edit/view/1737
1	0	0	1	0	0	22652222	0	0	22652222	0	0	/assets/styles
1	2	0	0	0	22659289	0	0	22659129	0	0	704	/assets/images/notifications/information-balloon.png
1	1	1	0	0	22647800	0	0	22647800	0	0	116681	/22222/
1	1	0	0	0	22646894	0	0	22646894	0	0	117277	/apple-touch-icon-precomposed.png
1	5	0	0	0	22659289	0	0	22659130	0	0	422561	/22222/campaign
1	1	0	0	0	22659122	0	0	22659122	0	0	136653	/22222/assets/scripts/uploadify/swfobject.js
1	1	0	0	0	22660390	0	0	22660390	0	0	227	/22222/booking/get_booking_array?start=1356825600&end=1360454400&_=1359537208511
1	2	0	0	0	22649274	0	0	22649273	0	0	286051	/22222/contact/view/edit/26516
1	0	0	2	0	0	22659128	0	0	22659128	0	0	/22222/contact/add/new
1	0	0	1	0	0	22647810	0	0	22647810	0	0	/22222/contact/append_note/1190
1	1	0	0	0	22660389	0	0	22660389	0	0	227	/22222/booking/get_booking_array?start=1359244800&end=1359849600&_=1359537142076
1	2	0	0	0	22659122	0	0	22659122	0	0	274085	/22222/assets/scripts/jquery.dataTables.min.js
1	147	0	0	0	22660796	0	0	22647637	0	0	719462	/assets/scripts/fullcalendar/fullcalendar.css
1	1	0	0	0	22653403	0	0	22653403	0	0	3721	/assets/scripts/jqueryui/images/bg_fallback.png
1	1	0	0	0	22660697	0	0	22660697	0	0	264	/22222/booking/get_booking_array?start=1358640000&end=1359244800&_=1359555697712
1	64	0	0	0	22660796	0	0	22647638	0	0	64948	/assets/scripts/colorbox/images/controls.png
1	0	0	1	0	0	22659133	0	0	22659133	0	0	/22222/contact/add/1095
1	104	0	0	0	22660796	0	0	22647637	0	0	25524	/assets/images/header/icon_dashboard.png
1	2	0	0	0	22652018	0	0	22649273	0	0	0	/assets/styles/columnal/columnal.css?89.251.193.1
1	2	0	0	0	22659407	0	0	22659395	0	0	11926	/22222/fullcall/query_events_table
1	151	0	0	0	22660796	0	0	22647637	0	0	710773	/assets/scripts/cleditor/jquery.cleditor.min.js
1	1	0	0	0	22659122	0	0	22659122	0	0	136667	/22222/assets/scripts/jqueryui/jqueryui.css
1	1	0	0	0	22653335	0	0	22653335	0	0	33138	/assets/styles/style.css?178.149.68.91
1	1	0	0	0	22647700	0	0	22647700	0	0	123688	/22222/vehicles/view/edit/1
1	1	0	0	0	22646893	0	0	22646893	0	0	117293	/22222/daahboa
1	6	6	0	0	22659427	0	0	22659132	0	0	412372	/22222/vehicles/view/edit/1796/
1	2	0	0	0	22659122	0	0	22659122	0	0	274077	/22222/assets/scripts/fullcalendar/gcal.js
1	1	0	0	0	22660388	0	0	22660388	0	0	201	/22222/booking/get_booking_array?start=1359244800&end=1359849600&_=1359537076812
1	145	0	0	0	22660796	0	0	22647637	0	0	246185	/assets/scripts/colorbox/colorbox.css
1	64	0	0	0	22660796	0	0	22647638	0	0	490204	/assets/scripts/colorbox/images/loading.gif
1	2	0	0	0	22659132	0	0	22659132	0	0	354226	/22222/vehicles/view/edit/1799/1009
1	16	0	0	3	22659289	0	22659126	22647640	0	22659122	3621420	/22222/contact
1	145	0	0	0	22660796	0	0	22647637	0	0	831600	/assets/styles/columnal/columnal.css
1	64	0	0	0	22660796	0	0	22647638	0	0	5824	/assets/scripts/colorbox/images/border.png
1	2	0	0	0	22659122	0	0	22659122	0	0	274099	/22222/assets/scripts/colorbox/jquery.colorbox-min.js
1	1	0	0	0	22652988	0	0	22652988	0	0	120901	/22222/contactaction/view/edit_action/1352asda
1	1	0	0	0	22657631	0	0	22657631	0	0	120115	/22222/booking?178.149.68.91
1	1	0	0	0	22660386	0	0	22660386	0	0	180	/22222/booking/get_booking_array?start=1356825600&end=1360454400&_=1359537011643
1	150	0	0	0	22660796	0	0	22647637	0	0	457562	/assets/scripts/twipsy.js
1	1	0	0	0	22659122	0	0	22659122	0	0	136655	/22222/assets/images/header/icon_dashboard.png
1	2	0	0	0	22646818	0	0	22646817	0	0	6158	/22222
1	137	0	0	3	22660697	0	22659126	22647641	0	22659126	9836699	/22222/booking
1	29	0	0	0	22660796	0	0	22647637	0	0	30618	/assets/images/header/menu_hover.png
1	49	0	0	0	22660796	0	0	22647638	0	0	6734	/assets/scripts/colorbox/images/overlay.png
1	29	0	0	0	22660796	0	0	22647637	0	0	16884	/assets/images/header/topnav/separator.png
1	2	0	0	0	22649274	0	0	22649273	0	0	242053	/22222/contactaction/view/edit_action/new/26516
1	3	0	0	0	22647803	0	0	22647693	0	0	439169	/22222/contact/view/edit/26754
1	2	0	0	0	22660411	0	0	22659407	0	0	12720	/22222/fullcall/query_events_table/2013-01-01/2013-02-01
1	0	0	1	0	0	22652222	0	0	22652222	0	0	/assets/scripts
1	52	0	0	15	22660796	0	22659126	22646894	0	22646811	17492661	/22222/dashboard
1	2	0	0	0	22647810	0	0	22647809	0	0	296325	/22222/contact/view/edit/1190
1	1	0	0	0	22660388	0	0	22660388	0	0	227	/22222/booking/get_booking_array?start=1359244800&end=1359849600&_=1359537104259
1	149	0	0	0	22660796	0	0	22647637	0	0	52866	/assets/styles/config.css
1	1	0	0	0	22660673	0	0	22660673	0	0	0	/assets/styles/columnal/columnal.css?178.149.68.91
1	1	0	0	0	22659122	0	0	22659122	0	0	136654	/22222/assets/styles/style.css
1	145	0	0	0	22660796	0	0	22647637	0	0	432904	/assets/scripts/uploadify/jquery.uploadify.v2.1.4.min.js
1	149	0	0	0	22660796	0	0	22647637	0	0	176634	/assets/styles/global.css
1	1	0	0	0	22660390	0	0	22660390	0	0	227	/22222/booking/get_booking_array?start=1356825600&end=1360454400&_=1359537245408
1	11	0	0	0	22659427	0	0	22659122	0	0	1099243	/22222/vehicles
1	1	0	0	0	22660395	0	0	22660395	0	0	264	/22222/booking/get_booking_array?start=1359244800&end=1359849600&_=1359537541045
1	65	0	0	0	22660796	0	0	22647638	0	0	227188	/assets/scripts/jqueryui/images/ui-icons_454545_256x240.png
1	35	0	0	0	22657648	0	0	22647698	0	0	4330959	/22222/contactaction/view/edit_booking_main/1352
1	2	0	0	0	22659122	0	0	22659122	0	0	274101	/22222/assets/scripts/fullcalendar/fullcalendar.min.js
1	150	0	0	0	22660796	0	0	22647637	0	0	161066	/assets/scripts/fullcalendar/gcal.js
1	149	0	0	0	22660796	0	0	22647637	0	0	2259198	/assets/scripts/jqueryui/jqueryui.css
1	144	0	0	0	22660796	0	0	22647637	0	0	73882	/assets/scripts/cleditor/jquery.cleditor.css
1	2	0	0	0	22659133	0	0	22659133	0	0	362260	/22222/vehicles/view/edit/1797/26754
1	2	0	0	0	22660384	0	0	22660383	0	0	360	/22222/booking/get_booking_array
1	2	0	0	0	22652989	0	0	22652989	0	0	231630	/dasda
1	1	0	0	0	22650563	0	0	22650563	0	0	116679	/function.session-start
1	1	0	0	0	22647693	0	0	22647693	0	0	123807	/22222/contactaction/view/edit_booking/1087
1	3	0	0	0	22659133	0	0	22659133	0	0	614441	/22222/contact/view/edit/1095/0
1	1	0	0	1	22659112	0	22657805	22659112	0	22657805	300784	/22222/dashboard?178.149.68.91
1	1	0	0	0	22659131	0	0	22659131	0	0	613	/assets/images/notifications/exclamation.png
1	325	0	0	2	22660796	0	22646807	22646810	0	22640350	25208016	/favicon.ico
1	0	0	0	31	0	0	22660674	0	0	22646808	0	/robots.txt
1	1	0	0	0	22660697	0	0	22660697	0	0	264	/22222/booking/get_booking_array?start=1359849600&end=1360454400&_=1359555690194
1	1	0	0	0	22647693	0	0	22647693	0	0	121077	/22222/contactaction/view/edit_action/new/26754
1	5	0	0	0	22660796	0	0	22659122	0	0	4596	/assets/images/buttons/balloon.png
1	1	0	0	0	22660388	0	0	22660388	0	0	201	/22222/booking/get_booking_array?start=1356825600&end=1360454400&_=1359537078018
1	1	0	0	0	22660389	0	0	22660389	0	0	227	/22222/booking/get_booking_array?start=1356825600&end=1360454400&_=1359537143471
1	2	0	0	0	22649034	0	0	22649033	0	0	232945	/test
1	151	0	0	0	22660796	0	0	22647637	0	0	2947817	/assets/scripts/fullcalendar/fullcalendar.min.js
1	1	0	0	0	22653403	0	0	22653403	0	0	1764	/assets/styles/columnal/ie.css
1	1	0	0	0	22660411	0	0	22660411	0	0	264	/22222/booking/get_booking_array?start=1359244800&end=1359849600&_=1359538547936
1	151	0	0	0	22660796	0	0	22647637	0	0	575840	/assets/scripts/colorbox/jquery.colorbox-min.js
1	1	0	0	0	22659122	0	0	22659122	0	0	136675	/22222/assets/scripts/fullcalendar/fullcalendar.css
1	1	1	0	0	22652222	0	0	22652222	0	0	1341	/assets/scripts/
1	145	0	0	0	22660796	0	0	22647637	0	0	541660	/assets/scripts/uploadify/swfobject.js
1	3	0	0	0	22649340	0	0	22649339	0	0	429239	/22222/contact/view/edit/1095
1	266	0	0	0	22660796	0	0	22647637	0	0	82950	/assets/styles/custom_styles.php
1	1	0	0	0	22649033	0	0	22649033	0	0	0	/assets/styles/columnal/columnal.css?86.31.142.68
1	1	1	0	2	22646824	0	22646823	22646824	0	22646823	443340	/22222/dashboard/
1	1	0	0	0	22660390	0	0	22660390	0	0	227	/22222/booking/get_booking_array?start=1359244800&end=1359849600&_=1359537201758
1	1	0	0	0	22660391	0	0	22660391	0	0	227	/22222/booking/get_booking_array?start=1359244800&end=1359849600&_=1359537252436
1	4	0	0	0	22649273	0	0	22647640	0	0	1428	/assets/images/notifications/cross.png
1	3	0	0	0	22659131	0	0	22659131	0	0	697409	/22222/contact/view/edit/1009/unknown
1	158	0	0	0	22660796	0	0	22647637	0	0	66490	/assets/scripts/jquery.placeholder.1.2.min.shrink.js
1	1	0	0	0	22660697	0	0	22660697	0	0	264	/22222/booking/get_booking_array?start=1358640000&end=1359244800&_=1359555691238
1	1	0	0	0	22660697	0	0	22660697	0	0	264	/22222/booking/get_booking_array?start=1358035200&end=1358640000&_=1359555698473
1	17	17	0	0	22659301	0	0	22640350	0	0	1301290	/
1	1	0	0	0	22660392	0	0	22660392	0	0	246	/22222/booking/get_booking_array?start=1359244800&end=1359849600&_=1359537351167
1	2	0	0	3	22659130	0	22659129	22659129	0	22659128	402114	/22222/contact/view/edit/26790/0
1	3	0	0	0	22657652	0	0	22652984	0	0	371294	/22222/contactaction/view/edit_action/1352
1	2	0	0	0	22659133	0	0	22659133	0	0	401708	/22222/contact/view/edit/1220/0
1	1	0	0	0	22660392	0	0	22660392	0	0	231	/22222/booking/get_booking_array?start=1359244800&end=1359849600&_=1359537340313
1	148	0	0	0	22660796	0	0	22647637	0	0	1760264	/assets/styles/style.css
1	2	0	0	0	22650563	0	0	22647636	0	0	667445	/22222/dashboard?86.31.142.68
1	1	1	0	0	22646807	0	0	22646807	0	0	343	/?92.27.225.47
1	1	0	0	0	22660388	0	0	22660388	0	0	227	/22222/booking/get_booking_array?start=1359244800&end=1359849600&_=1359537101295
1	1	0	0	0	22660389	0	0	22660389	0	0	227	/22222/booking/get_booking_array?start=1359244800&end=1359849600&_=1359537145011
1	1	0	0	0	22660697	0	0	22660697	0	0	264	/22222/booking/get_booking_array?start=1359244800&end=1359849600&_=1359555687455
1	2	0	0	0	22659122	0	0	22659122	0	0	274099	/22222/assets/scripts/cleditor/jquery.cleditor.min.js
1	29	0	0	0	22660796	0	0	22647637	0	0	16704	/assets/images/header/nav-bg.png
1	143	0	0	0	22660796	0	0	22647638	0	0	72198	/assets/scripts/fullcalendar/fullcalendar.print.css
1	10	0	0	0	22660796	0	0	22647637	0	0	5778	/assets/images/buttons/plus.png
1	1	0	0	0	22660697	0	0	22660697	0	0	264	/22222/booking/get_booking_array?start=1358035200&end=1358640000&_=1359555692150
1	1	0	0	0	22659122	0	0	22659122	0	0	136669	/22222/assets/scripts/uploadify/uploadify.css
1	2	2	0	0	22660416	0	0	22660415	0	0	13078	/datetime.html
1	1	0	0	0	22660386	0	0	22660386	0	0	180	/22222/booking/get_booking_array?start=1359244800&end=1359849600&_=1359537010241
1	1	0	0	0	22659122	0	0	22659122	0	0	136681	/22222/assets/scripts/fullcalendar/fullcalendar.print.css
1	2	0	0	0	22659122	0	0	22659122	0	0	274055	/22222/assets/scripts/twipsy.js
1	2	0	0	0	22659133	0	0	22659133	0	0	450870	/22222/contact/view/edit/26754/0
1	1	0	0	0	22660697	0	0	22660697	0	0	264	/22222/booking/get_booking_array?start=1359244800&end=1359849600&_=1359555690844
1	64	0	0	0	22660796	0	0	22647638	0	0	8164	/assets/scripts/colorbox/images/loading_background.png
1	8	0	0	0	22660387	0	0	22657652	0	0	159293	/22222/undefined
1	1	0	0	0	22660388	0	0	22660388	0	0	227	/22222/booking/get_booking_array?start=1356825600&end=1360454400&_=1359537102801
3	1	0	0	0	22659122	0	0	22659122	0	0	137442	http://leadfarm-staging.co.uk/22222/assets/scripts/jquery.placeholder.1.2.min.shrink.js
3	7	0	0	0	22660674	0	0	22647638	0	0	7630	http://leadfarm-staging.co.uk/assets/scripts/jquery.placeholder.1.2.min.shrink.js
3	6	0	0	0	22660674	0	0	22647638	0	0	58560	http://leadfarm-staging.co.uk/assets/scripts/colorbox/jquery.colorbox-min.js
3	3	0	0	0	22659133	0	0	22659133	0	0	328343	http://leadfarm-staging.co.uk/22222/vehicles/view/edit/1797/26754
3	1	0	0	0	22660384	0	0	22660384	0	0	180	http://leadfarm-staging.co.uk/22222/booking/get_booking_array
3	5	0	1	0	22647829	22647810	0	22647809	22647810	0	389863	http://leadfarm-staging.co.uk/22222/contact/view/edit/1190
3	1	0	0	0	22659122	0	0	22659122	0	0	137415	http://leadfarm-staging.co.uk/22222/assets/scripts/twipsy.js
3	5	0	0	0	22660674	0	0	22647638	0	0	78724	http://leadfarm-staging.co.uk/assets/scripts/app.js
3	1	0	0	0	22652988	0	0	22652988	0	0	240	http://leadfarm-staging.co.uk/22222/contactaction/view/edit_action/1352asda
3	128	0	0	1	22659138	0	22659129	22659129	0	22659129	148357	http://leadfarm-staging.co.uk/22222/contact/view/edit/26790/0
3	6	0	0	0	22657653	0	0	22652984	0	0	720	http://leadfarm-staging.co.uk/22222/contactaction/view/edit_action/1352
3	5	0	0	0	22660674	0	0	22647638	0	0	354715	http://leadfarm-staging.co.uk/assets/scripts/jquery.dataTables.min.js
3	290	0	0	0	22660395	0	0	22659301	0	0	663137	http://www.leadfarm-staging.co.uk/22222/booking
3	1856	0	0	2	22660697	0	22659126	22647641	0	22659122	7265610	http://leadfarm-staging.co.uk/22222/booking
3	1	0	0	0	22646818	0	0	22646818	0	0	3476	http://leadfarm-staging.co.uk/22222
3	4	0	0	0	22649341	0	0	22649339	0	0	367693	http://leadfarm-staging.co.uk/22222/contact/view/edit/1095
3	1	0	0	0	22659122	0	0	22659122	0	0	137422	http://leadfarm-staging.co.uk/22222/assets/styles/custom_styles.php
3	0	0	0	1	0	0	22646823	0	0	22646823	0	http://leadfarm-staging.co.uk/22222/dashboard/
3	6	0	0	0	22660674	0	0	22647638	0	0	72282	http://leadfarm-staging.co.uk/assets/scripts/cleditor/jquery.cleditor.min.js
3	18	5	0	3	22659427	0	22659126	22659122	0	22659126	1528403	http://leadfarm-staging.co.uk/22222/vehicles
3	6	0	0	0	22659301	0	0	22659301	0	0	96110	http://www.leadfarm-staging.co.uk/
3	19	1	0	0	22660395	0	0	22659132	0	0	600202	http://leadfarm-staging.co.uk/22222/vehicles/view/edit/1796/
3	6	0	0	0	22660674	0	0	22647638	0	0	299778	http://leadfarm-staging.co.uk/assets/scripts/fullcalendar/fullcalendar.min.js
3	65	0	0	0	22653404	0	0	22652045	0	0	175302	http://leadfarm-staging.co.uk/assets/scripts/colorbox/colorbox.css
3	2	0	0	0	22659132	0	0	22659132	0	0	177551	http://leadfarm-staging.co.uk/22222/vehicles/view/edit/1799/1009
3	6	0	0	0	22647807	0	0	22647640	0	0	386867	http://leadfarm-staging.co.uk/22222/contact/view/edit/1009
3	8	0	0	0	22659132	0	0	22659131	0	0	862724	http://leadfarm-staging.co.uk/22222/contact/view/edit/1009/unknown
3	6	0	0	0	22660411	0	0	22660411	0	0	0	http://leadfarm-staging.co.uk/22222/fullcall/query_events_table/2013-01-01/2013-02-01
3	9	0	0	0	22647803	0	0	22647693	0	0	678448	http://leadfarm-staging.co.uk/22222/contact/view/edit/26754
3	16	0	0	0	22653404	0	0	22652045	0	0	69904	http://leadfarm-staging.co.uk/assets/scripts/jqueryui/jqueryui.css
3	467	1	2	4	22660796	22659128	22659129	22647637	22659128	22646811	10300681	http://leadfarm-staging.co.uk/22222/dashboard
3	1	1	0	0	22660416	0	0	22660416	0	0	6757	http://leadfarm-staging.co.uk/datetime.html
3	16	3	0	0	22650563	0	0	22640351	0	0	332914	http://leadfarm-staging.co.uk/
3	4	0	0	0	22649274	0	0	22649273	0	0	264292	http://leadfarm-staging.co.uk/22222/contact/view/edit/26516
3	1	0	0	0	22647814	0	0	22647814	0	0	240	http://leadfarm-staging.co.uk/22222/contactaction/view/edit_booking/new/1190
3	924	0	0	0	22654379	0	0	22652037	0	0	13350493	http://dmproofing.co.uk/fullcalendar/
3	1	0	0	0	22659122	0	0	22659122	0	0	137437	http://leadfarm-staging.co.uk/22222/assets/scripts/colorbox/jquery.colorbox-min.js
3	1	0	0	0	22659122	0	0	22659122	0	0	137430	http://leadfarm-staging.co.uk/22222/assets/scripts/jquery.dataTables.min.js
3	3	0	0	0	22659133	0	0	22659133	0	0	407000	http://leadfarm-staging.co.uk/22222/contact/view/edit/26754/0
3	1	0	0	0	22647693	0	0	22647693	0	0	240	http://leadfarm-staging.co.uk/22222/contactaction/view/edit_booking/1087
3	9	0	1	0	22659137	22659133	0	22659133	22659133	0	2363147	http://leadfarm-staging.co.uk/22222/contact/view/edit/1095/0
3	0	0	0	30	0	0	22660674	0	0	22646808	0	http://leadfarm-staging.co.uk/robots.txt
3	3	0	0	0	22659133	0	0	22659133	0	0	557568	http://leadfarm-staging.co.uk/22222/contact/view/edit/1220/0
3	5	0	0	0	22660674	0	0	22647638	0	0	39445	http://leadfarm-staging.co.uk/assets/scripts/twipsy.js
3	0	0	0	1	0	0	22646821	0	0	22646821	0	http://leadfarm-staging.co.uk/22222/dashboard/view
3	1	0	0	0	22660387	0	0	22660387	0	0	6757	http://leadfarm-staging.co.uk/22222/undefined
3	5	0	0	0	22660674	0	0	22647638	0	0	1590	http://leadfarm-staging.co.uk/assets/styles/custom_styles.php
3	6	0	0	0	22659407	0	0	22659407	0	0	0	http://leadfarm-staging.co.uk/22222/fullcall/query_events_table
3	1	0	0	0	22647693	0	0	22647693	0	0	240	http://leadfarm-staging.co.uk/22222/contactaction/view/edit_action/new/26754
3	1	0	0	0	22659122	0	0	22659122	0	0	137412	http://leadfarm-staging.co.uk/22222/assets/scripts/app.js
3	2	0	0	0	22649274	0	0	22649273	0	0	121263	http://leadfarm-staging.co.uk/22222/contactaction/view/edit_action/new/26516
3	6	0	0	0	22647800	0	0	22647800	0	0	95715	http://leadfarm-staging.co.uk/22222/
3	1	0	0	0	22659131	0	0	22659131	0	0	137403	http://leadfarm-staging.co.uk/22222/campaign
3	55	0	0	0	22657648	0	0	22647698	0	0	573170	http://leadfarm-staging.co.uk/22222/contactaction/view/edit_booking_main/1352
3	7	0	0	0	22649034	0	0	22649033	0	0	116687	http://leadfarm-staging.co.uk/test
3	1	0	0	0	22659122	0	0	22659122	0	0	137426	http://leadfarm-staging.co.uk/22222/assets/scripts/fullcalendar/gcal.js
3	1	0	0	0	22659122	0	0	22659122	0	0	137437	http://leadfarm-staging.co.uk/22222/assets/scripts/cleditor/jquery.cleditor.min.js
3	1	0	0	0	22659122	0	0	22659122	0	0	137438	http://leadfarm-staging.co.uk/22222/assets/scripts/fullcalendar/fullcalendar.min.js
3	5	0	0	0	22660674	0	0	22647638	0	0	13885	http://leadfarm-staging.co.uk/assets/scripts/fullcalendar/gcal.js
3	1	0	0	0	22659384	0	0	22659384	0	0	6757	http://www.leadfarm-staging.co.uk/22222/undefined
3	31	0	0	1	22659289	0	22659123	22647640	0	22659123	3155319	http://leadfarm-staging.co.uk/22222/contact
4	32	0	0	0	22652368	0	0	22652361	0	0	681916	Mozilla/5.0 (X11; Linux i686) AppleWebKit/535.19 (KHTML, like Gecko) Chrome/18.0.1025.162 Safari/535.19
4	63	0	0	0	22660697	0	0	22654379	0	0	987421	Mozilla/5.0 (Windows NT 6.1) AppleWebKit/537.17 (KHTML, like Gecko) Chrome/24.0.1312.56 Safari/537.17
4	27	0	0	0	22652101	0	0	22652100	0	0	318063	Mozilla/5.0 (Windows NT 6.2; WOW64) AppleWebKit/537.17 (KHTML, like Gecko) Chrome/24.0.1312.52 Safari/537.17
4	1680	0	0	0	22660697	0	0	22653263	0	0	15304270	Mozilla/5.0 (X11; Linux x86_64) AppleWebKit/537.11 (KHTML, like Gecko) Ubuntu Chromium/23.0.1271.97 Chrome/23.0.1271.97 Safari/537.11
4	30	0	0	0	22652083	0	0	22652082	0	0	673413	Mozilla/5.0 (Windows NT 5.1; rv:16.0) Gecko/20100101 Firefox/16.0
4	96	1	1	0	22652222	22647810	0	22647800	22647810	0	4381273	Mozilla/5.0 (Windows NT 6.1) AppleWebKit/537.17 (KHTML, like Gecko) Chrome/24.0.1312.52 Safari/537.17
4	30	0	0	0	22653403	0	0	22653403	0	0	323815	Mozilla/4.0 (compatible; MSIE 8.0; Windows NT 6.1; Trident/4.0; SLCC2; .NET CLR 2.0.50727; .NET CLR 3.5.30729; .NET CLR 3.0.30729; Media Center PC 6.0; InfoPath.2; FDM; .NET4.0C; .NET4.0E; Tablet PC 2.0)
4	27	0	0	0	22652051	0	0	22652051	0	0	318063	Mozilla/5.0 (Windows NT 6.1; WOW64) AppleWebKit/537.17 (KHTML, like Gecko) Chrome/24.0.1312.56 Safari/537.17
4	1478	12	3	27	22660673	22659133	22659129	22640350	22659128	22640350	43374589	Mozilla/5.0 (Windows NT 6.1; WOW64) AppleWebKit/537.17 (KHTML, like Gecko) Chrome/24.0.1312.52 Safari/537.17
4	68	0	0	0	22652127	0	0	22652044	0	0	1480257	Mozilla/5.0 (Windows NT 6.2; WOW64; rv:18.0) Gecko/20100101 Firefox/18.0
4	95	5	0	36	22660796	0	22660674	22640351	0	22646808	7105284	Mozilla/4.0 (compatible; MSIE 8.0; Windows NT 5.1; Trident/4.0; .NET CLR 2.0.50727; .NET CLR 3.0.04506.648; .NET CLR 3.5.21022; .NET CLR 3.0.4506.2152; .NET CLR 3.5.30729; InfoPath.2)
4	29	0	0	0	22653011	0	0	22653003	0	0	318543	Mozilla/5.0 (Windows NT 6.1) AppleWebKit/534.57.2 (KHTML, like Gecko) Version/5.1.7 Safari/534.57.2
4	16	2	0	0	22648968	0	0	22648967	0	0	562405	Mozilla/5.0 (Windows NT 6.0) AppleWebKit/537.17 (KHTML, like Gecko) Chrome/24.0.1312.52 Safari/537.17
4	103	1	0	0	22659304	0	0	22653421	0	0	2614607	Mozilla/5.0 (X11; Linux x86_64) AppleWebKit/537.17 (KHTML, like Gecko) Chrome/24.0.1312.56 Safari/537.17
4	4	3	0	0	22646894	0	0	22646893	0	0	469187	Mozilla/5.0 (iPhone; CPU iPhone OS 6_0_2 like Mac OS X) AppleWebKit/536.26 (KHTML, like Gecko) Version/6.0 Mobile/10A551 Safari/8536.25
4	3	0	0	0	22646894	0	0	22646894	0	0	677939	Mozilla/5.0 (iPhone; CPU iPhone OS 6_0_2 like Mac OS X; en-us) AppleWebKit/536.26 (KHTML, like Gecko) CriOS/23.0.1271.100 Mobile/10A551 Safari/8536.25
4	3	0	0	0	22652950	0	0	22652945	0	0	662	Mozilla/5.0 (Windows NT 6.1; rv:19.0) Gecko/20100101 Firefox/19.0 FirePHP/0.7.1
4	50	0	0	0	22652192	0	0	22652190	0	0	975746	Mozilla/5.0 (Windows NT 6.0; rv:18.0) Gecko/20100101 Firefox/18.0
4	32	0	0	0	22652075	0	0	22652066	0	0	566289	Mozilla/5.0 (Windows NT 5.1) AppleWebKit/534.57.2 (KHTML, like Gecko) Version/5.1.7 Safari/534.57.2
4	27	0	0	0	22652346	0	0	22652346	0	0	318063	Mozilla/5.0 (Macintosh; Intel Mac OS X 10_7_5) AppleWebKit/536.26.17 (KHTML, like Gecko) Version/6.0.2 Safari/536.26.17
4	30	0	0	0	22652941	0	0	22652940	0	0	673461	Mozilla/5.0 (Windows NT 6.1; rv:19.0) Gecko/20100101 Firefox/19.0
4	2	2	2	0	22652222	22652222	0	22652222	22652222	0	2094	Mozilla/4.0 (compatible; MSIE 7.0; Windows NT 5.1; InfoPath.1; .NET CLR 2.0.50727; .NET CLR 1.1.4322; MS-RTC LM 8; .NET CLR 3.0.4506.2152; .NET CLR 3.5.30729)
4	28	0	0	0	22652249	0	0	22652248	0	0	318303	Mozilla/5.0 (Macintosh; Intel Mac OS X 10_8_2) AppleWebKit/537.11 (KHTML, like Gecko) Chrome/23.0.1271.97 Safari/537.11
4	26	0	0	0	22652050	0	0	22652050	0	0	317881	Mozilla/5.0 (Windows NT 6.1; WOW64; rv:19.0) Gecko/20100101 Firefox/19.0
4	33	0	0	0	22649320	0	0	22649319	0	0	558973	Mozilla/5.0 (X11; Linux x86_64) AppleWebKit/537.11 (KHTML, like Gecko) Chrome/23.0.1271.97 Safari/537.11
4	31	2	0	0	22653405	0	0	22653404	0	0	901000	Mozilla/5.0 (Windows NT 6.1; rv:15.0) Gecko/20100101 Firefox/15.0.1
4	26	0	0	0	22652075	0	0	22652075	0	0	317881	Mozilla/5.0 (Android; Mobile; rv:17.0) Gecko/17.0 Firefox/17.0
4	120	0	0	0	22652352	0	0	22652088	0	0	2362811	Mozilla/5.0 (Windows NT 6.1; rv:18.0) Gecko/20100101 Firefox/18.0
4	27	0	0	0	22653335	0	0	22653335	0	0	318063	Mozilla/5.0 (Windows NT 6.2) AppleWebKit/537.17 (KHTML, like Gecko) Chrome/24.0.1312.56 Safari/537.17
4	65	0	0	0	22652989	0	0	22652054	0	0	1592161	Mozilla/5.0 (Windows NT 5.1; rv:18.0) Gecko/20100101 Firefox/18.0
4	27	0	0	0	22652896	0	0	22652896	0	0	318063	Mozilla/5.0 (X11; Linux i686) AppleWebKit/536.11 (KHTML, like Gecko) Chrome/20.0.1132.57 Safari/536.11
4	57	0	0	0	22652094	0	0	22652052	0	0	999552	Mozilla/5.0 (Windows NT 6.1; WOW64; rv:18.0) Gecko/20100101 Firefox/18.0
4	27	0	0	0	22652598	0	0	22652598	0	0	318063	Mozilla/5.0 (Macintosh; Intel Mac OS X 10_8_2) AppleWebKit/536.26.17 (KHTML, like Gecko) Version/6.0.2 Safari/536.26.17
4	1	1	0	1	22653313	0	22653313	22653313	0	22653313	116439	EventMachine HttpClient
4	35	0	0	0	22660796	0	0	22660795	0	0	669118	Mozilla/5.0 (X11; CrOS i686 2913.276.0) AppleWebKit/537.11 (KHTML, like Gecko) Chrome/23.0.1271.110 Safari/537.11
4	90	0	0	0	22647700	0	0	22647692	0	0	3835486	Mozilla/5.0 (X11; CrOS i686 2913.276.0) AppleWebKit/537.11 (KHTML, like Gecko) Chrome/23.0.1271.110 Safari/537.11 BMID/E67A47A5CF
4	3	1	0	0	22650563	0	0	22650563	0	0	457459	Mozilla/5.0 (Windows; U; Windows NT 5.1; en-US; rv:1.9.2.8) Gecko/20100721 Firefox/3.6.8
4	27	0	0	0	22652166	0	0	22652166	0	0	318063	Mozilla/5.0 (Windows NT 6.1) AppleWebKit/537.11 (KHTML, like Gecko) Chrome/23.0.1271.91 Safari/537.11
4	28	0	0	0	22652455	0	0	22652453	0	0	318303	Mozilla/5.0 (Windows NT 6.2; WOW64) AppleWebKit/537.17 (KHTML, like Gecko) Chrome/24.0.1312.56 Safari/537.17
5	39	0	0	0	22652989	0	0	22652982	0	0	1274280	122.163.61.193
5	1469	14	3	27	22660796	22659133	22659129	22640350	22659128	22640350	43358767	92.27.225.47
5	3	1	0	0	22650563	0	0	22650563	0	0	457459	207.189.121.44
5	2	2	2	0	22652222	22652222	0	22652222	22652222	0	2094	199.19.249.196
5	26	0	0	0	22652050	0	0	22652050	0	0	317881	182.188.143.122
5	7	3	0	0	22646894	0	0	22646893	0	0	1147126	86.31.142.68
5	104	1	1	0	22660697	22647810	0	22647800	22647810	0	4732328	89.251.193.1
5	30	0	0	0	22652083	0	0	22652082	0	0	673413	93.87.24.174
5	36	0	0	0	22652106	0	0	22652088	0	0	929670	190.212.230.45
5	28	0	0	0	22654379	0	0	22654379	0	0	318303	27.147.170.115
5	27	0	0	0	22652166	0	0	22652166	0	0	318063	58.186.128.200
5	32	0	0	0	22652368	0	0	22652361	0	0	681916	27.34.83.104
5	27	0	0	0	22652598	0	0	22652598	0	0	318063	187.104.86.67
5	50	0	0	0	22652192	0	0	22652190	0	0	975746	190.194.149.8
5	27	0	0	0	22652101	0	0	22652100	0	0	318063	181.68.84.7
5	27	0	0	0	22652051	0	0	22652051	0	0	318063	93.142.255.57
5	32	0	0	0	22652075	0	0	22652066	0	0	566289	116.193.138.214
5	28	0	0	0	22652249	0	0	22652248	0	0	318303	14.155.53.240
5	1	1	0	1	22653313	0	22653313	22653313	0	22653313	116439	50.19.181.48
5	6	0	0	0	22652055	0	0	22652054	0	0	29988	203.78.123.226
5	90	0	0	0	22647700	0	0	22647692	0	0	3835486	46.233.70.199
5	26	0	0	0	22652075	0	0	22652075	0	0	317881	166.137.100.28
5	26	0	0	0	22652094	0	0	22652094	0	0	317881	109.102.126.131
5	1788	1	0	0	22660697	0	0	22649319	0	0	18043137	78.105.168.123
5	38	0	0	0	22652127	0	0	22652044	0	0	806754	182.178.63.114
5	33	0	0	0	22652153	0	0	22652152	0	0	929282	182.177.167.69
5	20	0	0	0	22652055	0	0	22652054	0	0	287893	203.78.123.219
5	28	0	0	0	22652455	0	0	22652453	0	0	318303	92.114.139.23
5	27	0	0	0	22653335	0	0	22653335	0	0	318063	93.92.248.67
5	29	0	0	0	22652341	0	0	22652340	0	0	557634	115.241.143.81
5	26	0	0	0	22652352	0	0	22652352	0	0	317881	202.142.107.201
5	92	0	0	0	22653011	0	0	22652070	0	0	1666169	122.178.116.176
5	31	0	0	0	22652053	0	0	22652052	0	0	681671	77.121.254.204
5	28	0	0	0	22653422	0	0	22653421	0	0	434713	108.60.137.223
5	27	0	0	0	22652896	0	0	22652896	0	0	318063	116.203.210.145
5	29	0	0	0	22652185	0	0	22652185	0	0	557626	109.92.76.53
5	61	2	0	0	22653405	0	0	22653403	0	0	1224815	122.173.178.180
5	27	0	0	0	22652346	0	0	22652346	0	0	318063	99.237.83.0
5	34	1	0	16	22660674	0	22660674	22646808	0	22646808	2978689	62.24.181.135
5	61	4	0	20	22660796	0	22660674	22640351	0	22646823	4126595	62.24.181.134
5	27	0	0	0	22652222	0	0	22652222	0	0	318063	61.245.172.3
5	27	0	0	0	22652462	0	0	22652462	0	0	318063	178.149.68.91
z	0	2011	0	22660673	0
z	3	553	4	22660796	210088
z	4	1012	7	22660796	4954731
z	5	517	4	22660796	15137503
z	6	483	15	22660796	75862657
c	200	2565	22660796
c	301	2	22652222
c	302	4	22659133
c	304	2011	22660673
c	404	33	22660674
c	500	31	22659129
